1 0.9879683751938545
2 0.9775250096449722
10 30 8
3 0.9854638232028646
10 78 33
4 0.9698799048207054
10 345 112
5 0.9588327469342705
10 698 6
6 0.9568224831403512
10 115 5
7 0.9488074225100733
10 61 4
8 0.9789515833281047
10 163 18
9 0.9501700813235274
10 1404 13
10 0.9219145764972021
10 602 2
11 0.9198110246056996
10 4913 153
12 0.5
10 58063 39
13 0.5
10 178085 2
14 0.5
10 37335 3
15 0.5
10 62616 70
16 0.5
10 21811 28
17 0.9496783450351869
10 1309 154
18 0.9763732141051401
10 215 28
19 0.9945524180194036
10 15 28
20 0.8944361181748363
10 818 1
21 0.9396404242328188
10 471 3
22 0.5
10 33507 1
23 0.5
10 26984 425
24 0.5
10 84738 219
25 0.5
10 87386 18
26 0.5
10 215031 79
27 0.5
10 86792 135
28 0.5
10 751908 188
29 0.5
10 24486 8284
30 0.5
10 28345 17184
31 0.5
10 208440 558
32 0.5
10 4254327 208
33 0.5
10 41680249 58
34 0.5
10 16995676 367
35 0.5
10 148722974 360
36 0.5
10 626805541 3548
37 0.5
10 619237482 87
38 0.5
10 10406573194 3700
39 0.5
10 32102438528 107889
40 0.5
10 342976890599 700395
41 0.5
10 165882725371 2147449
42 0.5
10 1704365358 216532
43 0.5
10 637301184 21487303
44 0.5
10 266574232 13346722
45 0.5
10 319262219 92085984
46 0.5
10 219206188 82781853
47 0.5
10 28345434 12254568
48 0.5
10 1882785 1739835
49 0.5
10 819522 317950
50 0.5
10 3962492 2931
51 0.5
10 8539450 25919
52 0.5
10 2801665 510991
53 0.5
10 7347623 190527
54 0.5
10 19346499 68412
55 0.5
10 5507746 245357
56 0.5
10 39756295 84570
57 0.5
10 991937 29277
58 0.5
10 1025048 167135
59 0.5
10 517404 176966
60 0.5
10 840804 356903
61 0.5
10 869029 141662
62 0.5
10 269772 634607
63 0.5
10 295830 204717
64 0.948163694333377
10 2044 11426
65 0.9638258176685415
10 632 55098
66 0.8896939922733766
10 9174 116743
67 0.9120000550322945
10 6285 32301
68 0.9365809945433741
10 2914 31077
69 0.9124301992224495
10 5851 42829
70 0.9647056960308728
10 605 5616
71 0.9735813543861964
10 268 20354
72 0.9789504185475127
10 163 21143
73 0.9867937676590488
10 65 54928
74 0.9783170300931718
10 183 18505
75 0.9933165844508821
10 21 2488
76 0.9948422035038202
10 14 33677
77 0.9962941780219381
10 8 41693
78 0.9972719083079973
10 1 54624
79 0.9968245934874498
10 2 77714
80 0.9854638232028646
10 78 8905
81 0.9875325174364005
10 58 10665
82 0.9968245934874498
10 2 120069
83 0.9972719083079973
10 1 222351
84 0.9956498280421785
10 10 264857
85 0.9862010490342492
10 72 173426
86 0.9970652153296282
10 3 22094
87 0.9878353341545884
10 56 6169
88 0.976183715090218
10 217 2921
89 0.9881837842186281
10 55 1040
90 0.9942490018238072
10 17 9280
91 0.9970652153296282
10 3 921
92 0.9965069187336301
10 6 8965
93 0.9926386768993879
10 25 714
94 0.9921079739467723
10 27 2239
95 0.9838534400030146
10 95 79
96 0.9227576719317421
10 10 2
97 0.991671893269667
10 31 24
98 0.9951630404750406
10 12 46
99 0.9752639867114861
10 228 2461
100 0.9612248399902572
10 719 382
101 0.952629168216886
10 1114 7621
102 0.8783918675050317
10 10396 5350
103 0.5
10 71461 7015
104 0.9150011562145405
10 5264 3348
105 0.9435998929301193
10 2354 2094
106 0.9175925203792946
10 5115 3963
107 0.963994553517926
10 625 2295
108 0.9501778759092693
10 1399 4171
109 0.9601157404934447
10 752 5646
110 0.9923822855795139
10 26 7445
111 0.9945524180194036
10 15 3352
112 0.9894965756805764
10 43 3134
113 0.9958465713919228
10 9 3752
114 0.994425100885868
10 16 113282
115 0.9969870626598473
10 5 1461333
116 0.9972719083079973
10 1 1208141
117 0.9889479585258728
10 48 922971
118 0.9755508472324095
10 224 119610
119 0.9134511334336658
10 5538 216799
120 0.9185123547698103
10 4777 566967
121 0.9750536595128116
10 238 2877058
122 0.9736923730384108
10 274 17351508
123 0.9537354444714836
10 1062 6641676
124 0.5
10 24980 29699
125 0.5
10 258718 2638
126 0.5
10 34563 818
127 0.9410704955785896
10 2415 605
128 0.9119976743499096
10 6273 5315
129 0.9134823531505981
10 5518 6433
130 0.9537353047504549
10 1053 119
131 0.9685718857004808
10 390 273
132 0.9462301551049608
10 2198 317
133 0.8737205049462016
10 11448 4527
134 0.9741614532946696
10 259 992
135 0.9857817139731561
10 77 83331
136 0.9919213451486598
10 29 27928
137 0.9969870626598473
10 5 84843
138 0.99711064126732
10 4 166814
139 0.9913339941641148
10 32 200178
140 0.9972719083079973
10 1 118385
141 0.9958465713919228
10 9 26932
142 0.9972719083079973
10 1 216
143 0.9972719083079973
10 1 551
144 0.99711064126732
10 4 2251
145 0.9942490018238072
10 17 6893
146 0.9921079739467723
10 27 389
147 0.9882930356388554
10 54 432
148 0.9932811275840633
10 22 33
149 0.961084072245372
10 727 6903
150 0.9717059729791613
10 300 2327
151 0.9951630404750406
10 12 147
152 0.9951506585815094
10 13 43
153 0.9951506585815094
10 13 49
154 0.9972719083079973
10 1 503
155 0.9970652153296282
10 3 315
156 0.9970652153296282
10 3 48
157 0.9972719083079973
10 1 343
158 0.9956498280421785
10 10 5965
159 0.99365359166903
10 20 1524
160 0.9927286951031853
10 24 15962
161 0.9926386768993879
10 25 11416
162 0.9970652153296282
10 3 3587
163 0.9963996083852328
10 7 1251
164 0.9958465713919228
10 9 502
165 0.996824354462062
10 2 18
166 0.9857244301247758
10 75 286
167 0.9923822855795139
10 26 100
168 0.9227590121021036
10 72 2
169 0.9664175556008188
10 526 54
170 0.9962941780219381
10 8 112
171 0.9968245934874498
10 2 87
172 0.9938434761618312
10 18 136
173 0.9932920813545904
10 15 15
174 0.9393066096886751
10 52 3
175 0.9227652635509347
10 90 2
176 0.9838598769301357
10 97 22
177 0.98084314580949
10 74 10
178 0.9616367805203534
10 13 5
179 0.9916046127255296
10 16 13
180 0.9962941780219381
10 8 322
181 0.9519895695162987
10 1183 784
182 0.5
10 14418 3381
183 0.5
10 95157 25204
184 0.5
10 214760 27073
185 0.5
10 35847 283527
186 0.925554449477122
10 3813 60157
187 0.9362051396925111
10 2968 1788193
188 0.9838534400030146
10 95 15904177
189 0.9789270600756772
10 168 64573812
190 0.9897429807604279
10 44 3178496201
191 0.9540263593676078
10 1027 9064492487
192 0.9787754669983355
10 162 8353406899
193 0.9544409277515149
10 1021 474841209
194 0.9367523789277727
10 2880 228920448
195 0.9672434657545713
10 468 407473129
196 0.9799908104979768
10 145 801417479
197 0.9660283878668258
10 499 46643224963
198 0.5
10 16699 18928044736
199 0.8937106837727169
10 7972 319220190
200 0.8886085325911617
10 9278 91915002
201 0.9480436019544969
10 2107 1147912501
202 0.9698825223220142
10 347 3023678211
203 0.9472128509109587
10 1661 21386743366
204 0.9182637765062631
10 4810 2478649353
205 0.9272795605317231
10 3558 21383726276
206 0.956965967179567
10 873 15421816115
207 0.9500462508373462
10 1370 105438645171
208 0.9650445849882624
10 569 375493353641
209 0.9487029577425868
10 1490 31837495000
210 0.9370836280590644
10 2865 114808048334
211 0.9650827161658387
10 600 728011953207
212 0.9467091392072376
10 1894 4858882913701
213 0.5
10 32886 2203588301319
214 0.5
10 32274 426906943704
215 0.9646638621939007
10 587 232896742236
216 0.5
10 13795 1362967992
217 0.9573205852485442
10 867 444904218
218 0.9400587253558029
10 2447 57219182
219 0.9445866291643406
10 1758 35485824
220 0.9620161313313709
10 697 12965764
221 0.9340253109514041
10 2645 1215181
222 0.9494896888580471
10 1356 28236905
223 0.958413048237535
10 811 6300108
224 0.9632611629994029
10 681 14673979
225 0.9576773589660338
10 847 3693641
226 0.9385212410007151
10 2547 16783650
227 0.9486991414106036
10 1503 3035193
228 0.9911822648856676
10 33 2213942
229 0.9923822855795139
10 26 24710325
230 0.9970652153296282
10 3 1319901
231 0.9972719083079973
10 1 188458
232 0.9969870626598473
10 5 18616
233 0.9785447292083832
10 175 11537
234 0.976568316038352
10 209 3688
235 0.9686865583105385
10 433 4303
236 0.9854638232028646
10 78 19687
237 0.9929624339736804
10 23 2806
238 0.9867937676590488
10 65 31410
239 0.99365359166903
10 20 8078
240 0.9822057056068451
10 117 9144
241 0.951536926276898
10 1200 184838
242 0.9498936968795512
10 1305 103993
243 0.9221241400436087
10 4339 114068
244 0.9564721235208067
10 889 295389
245 0.9487127313243432
10 1476 67708
246 0.9891120012528131
10 47 114663
247 0.99711064126732
10 4 63573
248 0.9965069187336301
10 6 16613
249 0.9815404870025943
10 127 6833
250 0.9459195115507282
10 1691 3633
251 0.5
10 35364 1193
252 0.5
10 19055 778
253 0.5
10 32632 1238
254 0.9537448136766298
10 1087 1462
255 0.9187001445310949
10 4835 203
256 0.8937106837727169
10 7992 167
257 0.9182757650658747
10 4793 38
258 0.5
10 12417 56
259 0.9799113861461839
10 155 171
260 0.9916631313107771
10 31 260
261 0.9923822855795139
10 26 187
262 0.9951630404750406
10 12 639
263 0.9923822855795139
10 26 57
264 0.9965069187336301
10 6 31
265 0.9945524180194036
10 15 62
266 0.9972719083079973
10 1 35
267 0.9972719083079973
10 1 46
268 0.9227576719317421
10 5 2
269 0.9867274418229961
10 26 11
270 0.8944361181748363
10 7 1
271 0.9926253491066015
10 3 12
272 0.9972719083079973
10 1 1315
273 0.9969870626598473
10 5 18695
274 0.99711064126732
10 4 12406
275 0.9958465713919228
10 9 2861
276 0.99711064126732
10 4 17029
277 0.99711064126732
10 4 310778
278 0.9942490018238072
10 17 178859
279 0.9805728479242347
10 137 1033236
280 0.9913339941641148
10 32 252755
281 0.9965069187336301
10 6 27964
282 0.99711064126732
10 4 20196
283 0.9836848658631128
10 98 738
284 0.9824515694812199
10 115 853
285 0.9970652153296282
10 3 3489
286 0.9968245934874498
10 2 919
287 0.9972719083079973
10 1 277
288 0.9969870626598473
10 5 298
289 0.9951630404750406
10 12 39324
290 0.9784464679866902
10 184 11381
291 0.9156425634330887
10 5205 8539
292 0.8741642362826287
10 11360 13131
293 0.9193821041343364
10 4963 1186
294 0.9442917366629224
10 2314 38921
295 0.9472887833649457
10 2183 2214
296 0.956354369220603
10 930 2659
297 0.8888500010519061
10 9259 28951
298 0.5
10 78718 12081
299 0.5
10 38799 3409
300 0.5
10 23904 1185
301 0.9550455642681701
10 1010 39881
302 0.9945524180194036
10 15 3450
303 0.9534922208402351
10 1035 82643
304 0.9763618699317135
10 210 258087
305 0.99365359166903
10 20 136228
306 0.9969870626598473
10 5 368947
307 0.9972719083079973
10 1 3051072
308 0.9968245934874498
10 2 931573
309 0.9958465713919228
10 9 75846
310 0.9972719083079973
10 1 1893948
311 0.9972719083079973
10 1 1794349
312 0.9968245934874498
10 2 4212319
313 0.9962941780219381
10 8 336214
314 0.9970652153296282
10 3 29518
315 0.9908419677340152
10 34 17802
316 0.994425100885868
10 16 12058
317 0.99365359166903
10 20 253049
318 0.9884081235350836
10 53 9094073
319 0.9942490018238072
10 17 4637961
320 0.9972719083079973
10 1 7205729
321 0.9956498280421785
10 10 11266993
322 0.9919213451486598
10 29 27530939
323 0.9972719083079973
10 1 6565289
324 0.9968245934874498
10 2 97881490
325 0.9948422035038202
10 14 3952058
326 0.9836550755420317
10 99 86988691
327 0.9641970015673709
10 616 12475562
328 0.9441337528094096
10 2311 73183196
329 0.9662348725466092
10 496 12381645
330 0.9965069187336301
10 6 518199220
331 0.9784352197149759
10 179 30841424
332 0.9827384361331786
10 109 18670755
333 0.9228130492810724
10 4473 942954841
334 0.8939851655461026
10 7568 281806907
335 0.9390066213914876
10 2506 57865879
336 0.9765153743180168
10 212 2690977
337 0.9849005320493547
10 80 4831
338 0.9919213451486598
10 29 4959
339 0.9552384686503818
10 1000 181
340 0.9711121607180493
10 333 1041
341 0.9834906700548014
10 56 11
342 0.921768891033825
10 995 2
343 0.9849443290836453
10 81 35
344 0.9948422035038202
10 14 28
345 0.9686328200181856
10 15 6
346 0.8944361181748363
10 28 1
347 0.9864986207588968
10 62 15
348 0.9916631313107771
10 31 35
349 0.9794815788763895
10 156 29
350 0.9693479175136467
10 366 976
351 0.893755421474561
10 7816 602
352 0.5
10 41946 357
353 0.9482788492848242
10 1539 275
354 0.9536580317453927
10 1037 66
355 0.9696050400484728
10 312 9
356 0.9793896861194453
10 11 8
357 0.9227598773199219
10 63 2
358 0.9849443290836453
10 81 84
359 0.9965069187336301
10 6 331
360 0.9968245934874498
10 2 3451
361 0.9969870626598473
10 5 22650
362 0.99711064126732
10 4 18316
363 0.9908419677340152
10 34 3914
364 0.9650827161658387
10 600 18890
365 0.9831868638904057
10 102 518
366 0.99365359166903
10 20 193
367 0.9968245934874498
10 2 1471
368 0.9869162436075332
10 64 56
369 0.9901166768613813
10 39 248
370 0.9792786688280005
10 158 2689
371 0.982770473303139
10 106 3007
372 0.9700034256250263
10 352 37280
373 0.9790838087632456
10 160 251655
374 0.9927286951031853
10 24 192918
375 0.9857817139731561
10 77 325616
376 0.973730118854648
10 276 799588
377 0.9571126143337901
10 863 465781
378 0.9581473978892212
10 820 955278
379 0.9860862252558403
10 73 371149
380 0.9787918138969831
10 161 89218
381 0.966226926149916
10 501 157658
382 0.9737747765535489
10 272 198062
383 0.9945524180194036
10 15 58879
384 0.9951630404750406
10 12 35228
385 0.9901166768613813
10 39 22331
386 0.9755354659133267
10 234 2967
387 0.9850509495549161
10 85 10910
388 0.9878353341545884
10 56 247
389 0.9926386768993879
10 25 616
390 0.9945524180194036
10 15 428
391 0.9822057056068451
10 117 2182
392 0.9750861187202172
10 236 749
393 0.9901151203030014
10 40 3547
394 0.9953045293038372
10 11 13624
395 0.9860676465399765
10 69 156808
396 0.9874351708180068
10 60 19364
397 0.9884081235350836
10 53 19692
398 0.990651276644497
10 36 453612
399 0.9889479585258728
10 48 200982
400 0.99711064126732
10 4 1023544
401 0.9962941780219381
10 8 9336836
402 0.9942490018238072
10 17 10760644
403 0.9784706561429541
10 173 25981122
404 0.9823361798050912
10 119 41055035
405 0.990651276644497
10 36 37706419
406 0.994425100885868
10 16 26842087
407 0.9969870626598473
10 5 21558120
408 0.9970652153296282
10 3 25395409
409 0.9958465713919228
10 9 5423798
410 0.9972719083079973
10 1 66262629
411 0.9970652153296282
10 3 329002386
412 0.9942490018238072
10 17 8652336302
413 0.989229421900683
10 45 2853459792
414 0.9962941780219381
10 8 6126100189
415 0.9969870626598473
10 5 6388369222
416 0.9861572398494423
10 71 5499459701
417 0.990651276644497
10 36 9657287702
418 0.9552569021923227
10 990 14195820683
419 0.9221117939413604
10 4340 13543910239
420 0.9248113663490424
10 4039 4889647665
421 0.9808984495344484
10 134 13664502150
422 0.9748636966588844
10 242 3945643105
423 0.99711064126732
10 4 434032749
424 0.9884081235350836
10 53 1183623701
425 0.9913339941641148
10 32 3644558651
426 0.9968245934874498
10 2 1267661145
427 0.9932811275840633
10 22 780865285
428 0.9956498280421785
10 10 175582166
429 0.9972719083079973
10 1 88167993
430 0.9968245934874498
10 2 44360208
431 0.9972719083079973
10 1 11259756
432 0.9965069187336301
10 6 182950125
433 0.9889479585258728
10 48 3808635
434 0.9790838087632456
10 160 48578
435 0.9784032333282304
10 176 2143
436 0.9521120320632328
10 1142 1246
437 0.9451153059363726
10 1771 5032
438 0.9612639363240045
10 722 436
439 0.9368524243280844
10 417 3
440 0.9885095541314562
10 51 41
441 0.9881837842186281
10 55 176
442 0.9646638621939007
10 587 15
443 0.9502509189018452
10 12 4
444 0.8944361181748363
10 231 1
445 0.5
10 33572 3
446 0.5
10 34102 19
447 0.8944361181748363
10 2541 1
448 0.8944361181748363
10 805 1
449 0.5
10 33313 49
450 0.91247196561694
10 6182 6
451 0.9675647250097044
10 257 7
452 0.9487109915683769
10 1497 31
453 0.9919213451486598
10 29 2976
454 0.9926386768993879
10 25 778
455 0.970023171099105
10 341 67
456 0.9675916000368368
10 453 25
457 0.9681991545719386
10 405 103
458 0.990651276644497
10 36 1670
459 0.99711064126732
10 4 443
460 0.9968245934874498
10 2 388
461 0.9953045293038372
10 11 1075
462 0.9932811275840633
10 22 1342
463 0.9723846112270682
10 284 14951
464 0.9923822855795139
10 26 169
465 0.9933165844508821
10 21 79
466 0.992304839362849
10 6 12
467 0.9970652153296282
10 3 102
468 0.9941408922704031
10 1 13
469 0.9568313196878035
10 131 5
470 0.9851961179809651
10 77 15
471 0.9972306969967709
10 1 25
472 0.99711064126732
10 4 201
473 0.99711064126732
10 4 321
474 0.9784706561429541
10 173 365
475 0.9754971815669657
10 227 47
476 0.8944361181748363
10 121 1
477 0.948330561883828
10 203 4
478 0.9891155732100889
10 39 15
479 0.9962941780219381
10 8 709
480 0.9951506585815094
10 13 3475
481 0.9956498280421785
10 10 3353
482 0.9913339941641148
10 32 73103
483 0.9914247297514723
10 30 6184
484 0.9923822855795139
10 26 91941
485 0.9908419677340152
10 34 1131994
486 0.9898456136667642
10 41 67958
487 0.9953045293038372
10 11 376092
488 0.9968245934874498
10 2 2311274
489 0.9972719083079973
10 1 1657537
490 0.9956498280421785
10 10 16346116
491 0.9822057056068451
10 117 7088402
492 0.9958465713919228
10 9 28731558
493 0.9972719083079973
10 1 22857757
494 0.9898456136667642
10 41 47951061
495 0.9874540361679806
10 57 203381585
496 0.9767502648054986
10 208 431453703
497 0.99365359166903
10 20 8965948
498 0.9972719083079973
10 1 137413550
499 0.9968245934874498
10 2 482476127
500 0.9968245934874498
10 2 138039303
501 0.9913339941641148
10 32 11794080956
502 0.9956498280421785
10 10 913698578
503 0.9307416336828018
10 3235 1169745866
504 0.9484342930070644
10 1575 45056304
505 0.9844157459052433
10 91 151007373
506 0.9648560450182877
10 591 323686124
507 0.9815135140216315
10 126 449104399
508 0.9938434761618312
10 18 3631079656
509 0.9970652153296282
10 3 111852558985
510 0.9972719083079973
10 1 3346354166886
511 0.9953045293038372
10 11 14899343336297
512 0.9972719083079973
10 1 60902407528
513 0.9972719083079973
10 1 71341706979
514 0.9933165844508821
10 21 116129011991
515 0.9968245934874498
10 2 142323223503
516 0.9937482494038312
10 19 1598409844528
517 0.9824098322982978
10 112 11019899582008
518 0.9926386768993879
10 25 547964999460
519 0.9963996083852328
10 7 122026778167
520 0.988828447390836
10 49 1804167490950
521 0.9970652153296282
10 3 611556771941
522 0.9963996083852328
10 7 5221488563536
523 0.9963996083852328
10 7 5642264040563
524 0.9972719083079973
10 1 20639253271419
525 0.9735813543861964
10 268 1986208676071
526 0.9815404870025943
10 127 290297449414
527 0.9919097627195519
10 28 6483185492950
528 0.9801956247163188
10 144 4850355726971
529 0.9799908104979768
10 145 708944885638
530 0.9669625247536475
10 483 655027315296
531 0.9800455185854504
10 151 50416068440
532 0.9746561519880764
10 249 22849269934
533 0.9336800366894547
10 3149 30813011669
534 0.9307306419842121
10 3258 75438924128
535 0.9137480976498937
10 5434 144202520115
536 0.9109190489631047
10 6447 35326362210
537 0.9579731121829862
10 846 320287704283
538 0.9384577562942825
10 2553 2785757974787
539 0.9482189832229361
10 2033 7583462771017
540 0.9648439190976088
10 580 1229983659560
541 0.9938434761618312
10 18 34835722750
542 0.9956498280421785
10 10 14089064833
543 0.9942490018238072
10 17 130098319961
544 0.9942490018238072
10 17 84384543067
545 0.9860676465399765
10 69 167371546848
546 0.994425100885868
10 16 9181567483
547 0.99711064126732
10 4 17044130169
548 0.9958465713919228
10 9 15286727430
549 0.9972719083079973
10 1 1619684924
550 0.9972719083079973
10 1 36531622274
551 0.9972719083079973
10 1 1518909315
552 0.9970652153296282
10 3 4623864152
553 0.9962941780219381
10 8 1588616580
554 0.9968245934874498
10 2 8740949366
555 0.9972719083079973
10 1 203828470992
556 0.9972719083079973
10 1 1063961687705
557 0.9972719083079973
10 1 4571466728072
558 0.9953045293038372
10 11 12048055398343
559 0.9758517663386813
10 219 189822112192941
560 0.9716249495175573
10 305 58176042874103
561 0.9857244301247758
10 75 17222232265
562 0.9827384361331786
10 109 5524640128
563 0.9926386768993879
10 25 96164872692
564 0.9919213451486598
10 29 8982058649
565 0.9686604606329479
10 429 383615680062
566 0.9676646581994655
10 449 583767797822
567 0.9788060401110099
10 167 29015503043
568 0.9446047292663785
10 1763 8988584849
569 0.5
10 32109 536442127
570 0.5
10 42163 11714166721
571 0.5
10 673423 838949039
572 0.5
10 1737357 6653752235
573 0.5
10 2711740 120227771591
574 0.5
10 132665403 682994759829
575 0.5
10 186201833 42711502150359
576 0.5
10 5454808 18736565690307
577 0.5
10 5976434 51168847779647
578 0.5
10 324763331 67618294251136
579 0.5
10 230485908 5550306902198
580 0.5
10 61048882 27599045674465
581 0.5
10 4772459 77760229423793
582 0.5
10 364730 1803050701933
583 0.5
10 172924 115390910141722
584 0.5
10 1026241 1582129066939766
585 0.5
10 202443 13718448986564212
586 0.9219428512894984
10 4308 754919279839972352
587 0.5
10 18071 6368003210994219
588 0.5
10 59040 3414235688950236
589 0.5
10 17891 2576911960230550
590 0.9649884485682975
10 576 1409415833659590
591 0.9846908280900223
10 87 313747935236657
592 0.9808984495344484
10 134 4407011152780586
593 0.9800892063873405
10 147 756171512577404
594 0.9789933876784508
10 172 1137664893809823
595 0.9716866519779392
10 299 11962253282715794
596 0.9951630404750406
10 12 1627501795587133696
