1 0.9742849958916331
2 0.9877531320273647
0.0010003613868697168 3 30
3 0.8381743529173731
0.0010006187784145752 11 1
4 0.9209702486869624
0.001000087392980532 1 3
5 0.9209702486869624
0.0010014687560752635 5 3
6 0.8381743529173731
0.0010009043105087133 6 1
7 0.9611699798957382
0.0010005399166291202 28 8
8 0.9577608645311209
0.0010007477740316163 3 7
9 0.9895305895092303
0.001003167412244818 9 180
10 0.9813550916483347
0.0010028177395738117 119 228
11 0.9634667482054459
0.001001907019297887 590 72
12 0.9544373908956019
0.0010022684441897821 1261 15
13 0.9454354156090427
0.0010020113434895 2033 5
14 0.8900901310590037
0.0010022444324312802 9027 8
15 0.8879337586328088
0.001001330000200575 10651 5
16 0.9307031254986524
0.0010001703768980073 3593 46
17 0.8320774721000651
0.0010007144527636345 15221 5
18 0.5
0.0010007594180995111 269235 1
19 0.5
0.0009992234774731047 436804 3
20 0.5
0.0010007997002879356 565445 7
21 0.5
0.0010004617429429706 212690 22
22 0.5
0.0010012531802649053 288052 620
23 0.8897520516986301
0.0010012860489506498 9543 4141
24 0.9353707467767649
0.0010023594825709764 2875 125160
25 0.9515955890937349
0.001002628531317061 1601 27023
26 0.9863482733097524
0.0010018331363273647 52 2634
27 0.983209971651722
0.0010030276432050613 88 15368
28 0.9751121381369142
0.0010028257062595094 222 328795
29 0.9686206945924166
0.0010043283002853173 420 39536
30 0.9824086497938147
0.0010036344378780728 98 3331
31 0.9855492007363402
0.0010036744571023679 60 1614
32 0.9835729292210654
0.0010031610434232596 86 1556
33 0.9365415709684017
0.0010022379411713089 2694 1497
34 0.9301682363435424
0.001004146630518264 4123 1306
35 0.9614328842138272
0.001004193322490752 738 2074
36 0.9881517540468403
0.0010036694710197037 3 445
37 0.9874853150214797
0.0010041185376145946 4 189
38 0.9896618251455562
0.00100270780830124 10 27
39 0.9577530161153135
0.001002638083980212 3 7
40 0.8381743529173731
0.0010017179143170499 1 1
41 0.8381743529173731
0.0010007868558532587 1 1
42 0.9873406422717202
0.0010002949677064752 5 16
43 0.9892824769279939
0.0010002022581601941 18 84
44 0.9577420734370392
0.0010010683537307785 3 7
45 0.987222002599966
0.0009986163510283985 2 31
46 0.9209702486869624
0.0009981733136966659 8 3
47 0.8381743529173731
0.0009989474450872438 1 1
48 0.8381743529173731
0.000998702286877181 8 1
49 0.8381743529173731
0.0009989569074920468 8 1
50 0.8381743529173731
0.0010003706321726911 3 1
51 0.8381743529173731
0.0010006396918737256 3 1
52 0.8381743529173731
0.0010023401259707048 15 1
53 0.9507623165272703
0.001000966415183385 4 6
54 0.9561643254639189
0.0010007370243311337 42 7
55 0.9307566990391889
0.0010008109750894183 3512 30
56 0.9542943752005
0.0010017939437458804 1152 8
57 0.9581436516803187
0.0010005861213161582 1014 27
58 0.9706989429350816
0.0010008489555285577 336 15
59 0.9374811993133682
0.0010004628172625583 1590 4
60 0.9104027579563325
0.0010010452118975508 7284 3
61 0.8923685357801105
0.0010016918594497732 8606 37
62 0.8265935543678451
0.001002392307117312 17475 2
63 0.9203852853126426
0.0010024442311014864 6175 3
64 0.8381743529173731
0.001003516868933157 2773 1
65 0.9543351615110687
0.0010040184674036765 1435 13
66 0.9632471650292238
0.001004361536502832 611 16
67 0.923171299851289
0.0010046562805414683 4859 138
68 0.9613976006369291
0.0010054580533484685 747 289
69 0.9783586286430832
0.0010064658571808933 168 649
70 0.9896784049765237
0.0010064343138547946 19 62
71 0.985543696554896
0.0010046605237791072 63 103
72 0.9473179725273313
0.0010038445360151444 197 6
73 0.9607430793377866
0.0010060304708839033 909 70
74 0.9558947841442003
0.0010056794370674803 1157 450
75 0.9701807871971487
0.0010051040653867368 361 202
76 0.5
0.0010060782949482502 86522 46
77 0.5
0.0010058925069649943 147485 635
78 0.5
0.0010062659102933697 925818 10731
79 0.5
0.0010078287356676335 31253789 1615
80 0.5
0.001007330832220241 6054465 681
81 0.5
0.0010074071262151198 193675 446
82 0.5
0.0010085848250045379 118296 127
83 0.5
0.0010086425096243721 92977 133
84 0.5
0.0010081463814736297 6278272 2142
85 0.5
0.0010080768823657483 8408593 1017
86 0.5
0.0010098164122733719 18015670 3013
87 0.5
0.0010109761057003396 202974157 5033
88 0.5
0.0010106726358947104 817171459 1478
89 0.5
0.001010265450639983 23331549844 9383
90 0.5
0.0010111976503447621 15577762001 623
91 0.5
0.0010098408563926728 37820295327 8758
92 0.5
0.0010082139102693239 693530030625 1317
93 0.5
0.0010069668323711438 79433651997812 62
94 0.5
0.0010074619572969096 105092968908097 193
95 0.5
0.0010077912868082992 42110310112112 976
96 0.5
0.0010082158471195239 96004486564089 1428
97 0.5
0.001007620141313311 2162267588664234 678
98 0.5
0.0010080129808616516 222042631114411 1312
99 0.5
0.0010082244807599863 19903028683386 387
100 0.5
0.0010081187120391368 55485687643555 122
101 0.5
0.0010076831316694396 5316664747382 1328
102 0.5
0.0010082717976431226 251117658576 3225
103 0.5
0.0010069437145566098 539972365065 7543
104 0.5
0.0010073188633221164 1574557234727 2729
105 0.5
0.0010072754403712039 9316263334431 2330
106 0.5
0.001006642730230799 705331547319 35599
107 0.5
0.0010060641205044934 186562935503 397827
108 0.5
0.001004628364571971 30773627401 7959329
109 0.5
0.0010041398170767418 4404574287 240784
110 0.5
0.0010037287963584028 879920485 91377
111 0.5
0.001004553379128772 315656161 42115
112 0.5
0.001006065385243206 114182777 88269
113 0.5
0.0010077748322521879 5508744512 2163
114 0.5
0.0010080879738155663 2314485046 24073
115 0.5
0.0010094200145994848 30119122901 153662
116 0.5
0.001008736548071786 2875469222 593943
117 0.5
0.001008763318082696 1580191320 79279
118 0.5
0.0010092090832943387 958324176 653
119 0.5
0.001008970846191835 3422194672 59
120 0.5
0.0010068655352522614 2616485895 1539
121 0.5
0.001006573187261464 626518535 1230
122 0.5
0.0010057487368220679 20637990 100
123 0.5
0.0010043460512103837 15203680 10449
124 0.5
0.0010049510116104635 17756185 5148
125 0.5
0.0010050811718869466 23962982 89764
126 0.5
0.0010049037109736852 10849743 6771
127 0.5
0.0010032018939325918 192357047 5013
128 0.5
0.0010032502329710912 35251284 16433
129 0.5
0.001002487482686796 48379184 15107
130 0.5
0.0010022104284650713 190267433 129348
131 0.5
0.0010031240548343315 1180350951 164811
132 0.5
0.001003265842099051 73832801 76073
133 0.5
0.001002932984529933 7510775 194597
134 0.5
0.0010038507984319368 681212 4632
135 0.5
0.0010040446109464485 1206312 9913
136 0.5
0.0010040412735682544 921284 12148
137 0.5
0.0010045324776398875 1525033 71368
138 0.5
0.0010056450356048287 3896235 8804
139 0.5
0.001005840485814708 45583734 2196
140 0.5
0.0010053982351582288 60397142 5714
141 0.5
0.0010026574032901499 293800185 361
142 0.5
0.0010029144586374836 75133473 275
143 0.5
0.0010025780148080002 238337590 611
144 0.5
0.0010020115114887666 389414821 593
145 0.5
0.0010024332977235369 4270193117 2405
146 0.5
0.0010024238575525525 47139191363 387
147 0.5
0.0010034070370232614 842708499924 72
148 0.5
0.0010032227370950734 4277945869365 2
149 0.5
0.0010033241495099397 79982715218 1
150 0.5
0.0010031450021888411 20241508690 21
151 0.5
0.001003934824811677 162082831945 11
152 0.5
0.001005087552980135 3616215269165 12
153 0.5
0.0010062605677688989 1819350250447 8
154 0.5
0.0010047113771865155 86375547964 11
155 0.5
0.0010058845683354098 236146189667 2
156 0.5
0.0010075341377841455 649002753087 7
157 0.5
0.0010076884730767272 391585291322 16
158 0.5
0.0010071852321546606 16850043313587 5
159 0.5
0.0010079143772957085 6839005966722 5
160 0.5
0.0010074063096873337 4455840694225 22
161 0.5
0.0010075294971003544 7929372812454 210
162 0.5
0.0010069597923119714 17006653595277 202
163 0.5
0.0010078004405580006 5407032742791 2773
164 0.5
0.001008949095091025 27750009688678 2025
165 0.5
0.0010088825040929397 8619832488832 1551
166 0.5
0.001006681103585645 28758771846732 162
167 0.5
0.0010053117517636837 9735679656188 1208
168 0.5
0.0010064859681884581 178774481642182 274
169 0.5
0.0010070091354861738 129908614046786 85
170 0.5
0.001005450846627828 145944769757102 5
171 0.5
0.0010037707669354981 422467534325669 76
172 0.5
0.001003048969470804 90445465913249 18
173 0.5
0.0010018225071149686 95266922401110 11
174 0.5
0.0010017175032910133 215379844806434 4
175 0.5
0.0010021721390222474 134848293025630 62
176 0.5
0.0010044536405913436 979092696730087 44
177 0.5
0.0010038432162856829 1034741826706741 29
178 0.5
0.0010025138748987479 8007224608978489 181
179 0.5
0.0010037687020051746 2637837285223300 90
180 0.5
0.0010026300365841966 122172523725645360 41
181 0.5
0.0010018641965607324 523865478031010944 185
182 0.5
0.0010020865000238397 613717001535574400 4287
183 0.5
0.0010010154378810576 402873342240907904 65201
184 0.5
0.0010005218402535565 198857831226206912 1905
185 0.5
0.0010006382273277067 670802818420856064 1167
186 0.5
0.0009997186353421293 119697255467346992 1743
187 0.5
0.0010008234624656219 3506764067966593536 8373
