1 0.9742849958916331
2 0.9778573646366153
0.000999220711456254 2 11
3 0.9209702486869624
0.0010008226724741564 1 3
4 0.957745081717789
0.001000998891084643 1 7
5 0.950784540318805
0.0010020649951017347 1 6
6 0.9499194666728548
0.0010045987572512142 28 6
7 0.9058542505147775
0.0010035737068864433 3016 2
8 0.8381743529173731
0.0010016491113799151 4850 1
9 0.9206007182760482
0.0010029389285091388 491 3
10 0.9546654312008591
0.0010029777406633483 1407 17
11 0.947491491245178
0.0010039616396325885 2057 13
12 0.9792459928018242
0.0010057373926536351 151 32
13 0.9873810223897044
0.0010056199063105036 45 140
14 0.978546624804925
0.001004868555028918 165 508
15 0.9690156081220099
0.0010045506364334139 396 120
16 0.9805207978855354
0.0010049455295039443 132 146
17 0.9306478911170262
0.001006815425678463 3642 10989
18 0.9230488469515723
0.0010081809342444778 5275 15916
19 0.9423878358338331
0.0010080481195192308 2541 16985
20 0.941691212036465
0.0010084310279747312 2586 3460
21 0.93055725067874
0.0010081399062202162 3731 4471
22 0.9780084952932867
0.0010071172721487938 172 956
23 0.9641098677733643
0.0010073242524886313 539 682
24 0.9634364341996766
0.001007549516568244 565 694
25 0.9625008273635188
0.00100776666662236 663 391
26 0.9507275552761325
0.0010093170207495343 583 7
27 0.924664399276945
0.0010102691010166586 2525 3
28 0.9207081449977782
0.0010111160245533388 1114 3
29 0.9034910249361493
0.001010363716450443 244 2
30 0.9209702486869624
0.0010100554585337437 9 3
31 0.9507640080897459
0.001009936339235547 3 6
32 0.9212173878129567
0.0010093546163216906 38 3
33 0.9901187243859688
0.0010089157431457428 8 101
34 0.9043294736378588
0.0010083252685908516 311 2
35 0.8381743529173731
0.0010096826240285684 522 1
36 0.9367521439897164
0.0010113019933247042 1466 4
37 0.9408422423685383
0.0010108559535399032 480 5
38 0.9483557335949901
0.0010121351841526263 767 6
39 0.920601927439424
0.0010112682220585426 332 3
40 0.9353179344565993
0.0010119217144606118 1667 4
41 0.9534681660630936
0.0010131733305271677 169 7
42 0.9211206302239929
0.001013245918888725 26 3
43 0.8381743529173731
0.0010138144246721215 41 1
44 0.8381743529173731
0.0010139507470197705 115 1
45 0.9570455145354912
0.0010132272349985259 11 7
46 0.9814269526670942
0.0010124499712923065 117 31
47 0.9043749484120942
0.0010129927305772494 870 2
48 0.9799099997668504
0.0010138220575069898 143 33
49 0.9747973711774373
0.001012974395956597 238 194
50 0.9681744955816132
0.0010122160787696865 385 12
51 0.9836437718192915
0.001012498589269279 85 53
52 0.9487084040480269
0.0010123493675917737 1845 439
53 0.9298543824715024
0.0010130254748885743 4471 333
54 0.929870122395485
0.0010135049735525792 4467 11
55 0.8900100117793232
0.001013905202506718 9446 4
56 0.8272348635277457
0.0010135877710647047 16629 14
57 0.8878286586217901
0.0010115864684341824 10578 5
58 0.9346828935440403
0.0010110766405688146 2989 15
59 0.950019519391424
0.0010105650901630512 1005 7
60 0.9499710289309249
0.0010111519856569181 1717 64
61 0.9895693951493945
0.001011062489788686 11 346
62 0.9897021247262714
0.0010115718132566172 12 6700
63 0.9851694445823659
0.0010132815289429335 67 51960
64 0.9604041662799409
0.001015169121482386 870 1049506
65 0.9855712938273111
0.0010136410005291139 63 6166227
66 0.9896720392027957
0.0010122917832403515 12 2370388
67 0.985850511609458
0.0010115927868364807 57 2483962
68 0.9716184213825934
0.0010110235176674903 317 97897014
69 0.88857842067733
0.001011336806216939 10493 2167827707
70 0.960946070314038
0.0010115096039380348 893 56161203370
71 0.9770246563846297
0.0010121870680404738 192 10061938362
72 0.9663515815457664
0.0010105769809504058 485 27283987332
73 0.9862868753387666
0.001011079773363674 53 13978360426
74 0.9875543167006995
0.0010100248582353383 42 17448659194
75 0.9830066834354634
0.0010102091327906227 91 2319931651855
76 0.9883283612764922
0.0010092791613705067 36 6167452851928
77 0.9873431567074791
0.0010104482122247692 1 180727985533994
78 0.9898647647338847
0.0010104716608429361 10 1017471946326358
79 0.9890829196497514
0.0010123219009278868 7 502696568893283
80 0.9873483584482958
0.0010110759855871175 1 53119854238364
81 0.9899395828551685
0.0010124002986931378 8 95274455106596
82 0.9835900812802529
0.0010140675779862455 86 6019539954303
83 0.9897094208333919
0.001014649216998019 15 91836155772331
84 0.9869427692559837
0.0010137988610911621 47 123555171092215
85 0.9891714576559402
0.0010138356430236582 23 26904839372100
86 0.9815363279416074
0.001014216475475027 113 208214117106900
87 0.9875573068092066
0.0010155969698800095 2 3124092603222
88 0.9873088385902198
0.0010166394492555043 1 23271398171950
89 0.9815602556006017
0.0010170883273834524 112 1475502652059
90 0.889937169223901
0.0010187632170314716 9716 167198051275
91 0.9205265305020097
0.0010180205680107033 5940 41538989866
92 0.9194366030287625
0.0010170819031122004 6632 12344101395
93 0.9230537433039366
0.001016533326148041 5191 19083168951
94 0.9819149432849257
0.0010174049203820962 107 26254875314
95 0.987729561985668
0.001018899818556958 2 1309283868
96 0.9884714658358531
0.001018854819328083 30 5023594581
97 0.9770331985539797
0.0010200361792502461 193 845472309
98 0.9846580159740654
0.0010222461512149332 75 43494302331
99 0.9899033170457745
0.0010230115890892352 8 6613660490
100 0.9874568666194954
0.001022410595199523 2 11290920284
101 0.987394074842204
0.0010207852591374027 1 72809305919
102 0.9873489094029081
0.001020045574888706 1 21619096913
103 0.9898902672897915
0.001018869507795821 14 1873903877
104 0.9780305042272619
0.0010189388480928829 174 4773443986
105 0.9888445322953346
0.001019085207285725 5 260343423
106 0.9881965880741849
0.001018073766265794 2 85486991
107 0.9875221276164059
0.0010191744065619526 4 98048335
108 0.987684922178207
0.0010196804961345163 4 58820893
109 0.9887831375438779
0.0010189792925672809 5 213593835
110 0.9872784950925435
0.001019647443853639 1 625809313
111 0.9896649694363837
0.0010200918269466924 9 188830115
112 0.9603409857636832
0.0010210319170025767 862 277937194
113 0.9771462367522584
0.0010204227947780066 183 3411564559
114 0.9615184018963546
0.001021413805673896 731 21731148475
115 0.9625100346749186
0.0010202029162402985 657 19048947832
116 0.9612966683492384
0.0010180449196518318 742 10678544369
117 0.9306283239497821
0.0010183276689377982 3693 50220110
118 0.9822651727770865
0.0010181573896447835 99 86976683
119 0.9892420471231762
0.0010169830093653812 18 488726633
120 0.9844961804617978
0.0010177286897534161 78 13930956
121 0.988541093420962
0.0010190386590914517 31 72888413
122 0.9690031185406932
0.0010200501184363287 403 918213163
123 0.9717025921672944
0.0010192294836103722 314 18985821746
124 0.9791189217050166
0.001018800512824365 155 61319228064
125 0.9872428637688285
0.0010189689568436387 1 121910932214
126 0.9872825981217499
0.0010196125342102772 1 57304328361
127 0.9880956000096743
0.001019528118352476 3 46418697630
128 0.9897494448046315
0.0010190652539767398 17 157423805236
129 0.9866898734252629
0.0010170721375727075 51 6709689102897
130 0.9884075409747861
0.001017479377715585 37 24362184000957
131 0.9889157391342882
0.0010180484244530345 5 3022444079025
132 0.989700645437322
0.001017992206531199 16 79863785972
133 0.9893189303515044
0.0010181165901667556 7 700298539858
134 0.9874348255270086
0.0010186533439195287 1 33602088819040
135 0.9875015964364146
0.0010169730665182967 1 26760598936446
136 0.9875030964353362
0.0010172091627774513 1 759895306913
137 0.9872860044272693
0.0010170134454936667 1 3743955883985
138 0.9877864486184436
0.0010148371442068307 2 3273932595189
139 0.9892316657457447
0.0010139852272578417 7 3803123420785
140 0.9875682059091073
0.0010126345956506994 2 1489822169917
141 0.9876908003479519
0.001011383328257052 2 4740914210823
142 0.9895975640719769
0.0010112383207532564 10 233356761023408
143 0.9812219028691731
0.0010108440604364402 121 1029726826483239
144 0.9718055956570414
0.0010113776790819028 311 9670377101747928
145 0.987305229797907
0.0010108950711367798 1 30123265176010316
146 0.9873337860951648
0.0010122560833311486 1 28490704979693272
147 0.9878496626179306
0.0010117248481675057 4 106647593626801184
148 0.9889924557691065
0.001011351378984033 22 1211910928167731968
149 0.9687416934056771
0.0010112346882165137 410 1040831031722826240
150 0.9897430950560864
0.001011667584902042 15 42636079216775368
151 0.9889057332862878
0.0010120176285315773 5 12324168836175182
152 0.9885611915512083
0.0010127100319315308 5 6200408696784356
153 0.9892754574665036
0.0010120491078334413 18 77110091018239312
154 0.988580369070613
0.0010103200432457328 5 681612284308597120
